1 9 2012 0.000235 3.946134 22.668159
2 9 2012 13.759503 15.983016 6.568775
3 9 2012 1.411338 20.365940 20.378893
4 9 2012 28.040787 11.505061 15.582491
5 9 2012 24.928959 1.037163 1.603849
6 9 2012 15.891006 20.134480 0.230946
7 9 2012 11.502468 2.005267 12.524579
8 9 2012 20.603180 17.669298 27.913094
9 9 2012 25.385006 15.807862 2.758947
10 9 2012 19.617569 12.479980 21.035717
11 9 2012 27.309624 22.865940 7.873590
12 9 2012 1.423935 22.082457 9.847026
13 9 2012 18.979156 22.692314 29.731119
14 9 2012 10.960160 7.411166 29.476507
15 9 2012 21.679811 22.600676 19.545557
16 9 2012 2.180576 18.949039 26.541214
17 9 2012 8.181298 13.092341 40.994841
18 9 2012 14.331952 7.133233 8.247205
19 9 2012 10.777948 4.995216 14.595520
20 9 2012 26.929686 27.276241 1.816930
21 9 2012 27.139591 15.135687 15.488758
22 9 2012 9.570988 29.599262 14.819300
23 9 2012 7.984335 2.721987 28.432926
24 9 2012 2.212472 40.021212 11.524264
25 9 2012 8.312453 27.414522 15.892420
26 9 2012 13.933374 28.229397 1.502519
27 9 2012 22.845427 23.106134 24.834518
28 9 2012 3.760961 0.476031 20.653658
29 9 2012 26.047413 18.886301 22.086735
30 9 2012 21.762360 29.983736 26.657166
1 10 2012 6.995846 9.189654 10.530457
2 10 2012 15.398211 17.733406 25.379444
3 10 2012 12.362422 25.245317 8.079517
4 10 2012 12.461838 16.119118 14.037520
5 10 2012 8.616371 5.349831 4.611599
6 10 2012 17.149643 24.072170 0.991613
7 10 2012 16.033493 14.954403 28.660822
8 10 2012 22.448778 16.637514 26.722122
9 10 2012 18.745478 25.261187 4.793025
10 10 2012 6.382545 21.441299 3.912817
11 10 2012 2.729710 8.237643 0.089988
12 10 2012 12.428797 0.806289 21.294588
13 10 2012 28.136919 7.197324 5.426877
14 10 2012 9.526186 26.609718 19.561758
15 10 2012 4.510052 20.440386 11.574440
16 10 2012 11.631759 14.992229 4.425990
17 10 2012 17.615599 25.367268 17.703259
18 10 2012 28.662262 16.684383 4.444547
19 10 2012 29.499151 12.263000 4.254593
20 10 2012 16.946959 7.563791 14.655436
21 10 2012 13.920916 28.832853 3.780924
22 10 2012 5.992716 9.577489 18.878075
23 10 2012 3.801365 19.537611 18.649019
24 10 2012 24.092188 7.435252 14.292953
25 10 2012 11.679424 6.097510 0.851255
26 10 2012 27.050203 12.794921 4.260631
27 10 2012 28.424601 12.309391 3.935656
28 10 2012 26.569450 2.765209 4.865956
29 10 2012 2.131907 10.960171 7.591721
30 10 2012 4.053281 23.494595 13.659218
31 10 2012 10.485723 13.569004 24.268335
1 11 2012 27.950232 19.549381 6.457451
2 11 2012 20.387770 27.267656 7.503767
3 11 2012 25.825792 14.137869 15.178676
4 11 2012 18.011810 24.526844 22.675304
5 11 2012 13.867349 28.541021 18.982161
6 11 2012 13.179909 24.740919 20.669428
7 11 2012 21.066198 29.614363 28.632446
8 11 2012 25.538088 8.679485 16.122772
9 11 2012 15.433040 3.103018 12.420855
10 11 2012 17.301498 26.296970 13.201159
11 11 2012 21.892429 26.077909 21.469269
12 11 2012 24.021608 21.196062 22.251476
13 11 2012 0.572772 26.580931 15.749621
14 11 2012 13.899681 1.955816 21.402668
15 11 2012 14.668294 20.030371 20.461472
16 11 2012 5.986642 27.499016 25.976479
17 11 2012 26.700560 16.318447 4.175849
18 11 2012 13.510422 29.680872 6.465959
19 11 2012 13.380702 9.471972 15.439783
20 11 2012 26.445122 13.191766 14.025952
21 11 2012 24.199497 10.954741 6.345568
22 11 2012 29.973497 4.608134 18.914648
23 11 2012 18.490509 0.017851 0.026370
24 11 2012 23.200560 21.820047 9.575328
25 11 2012 12.531711 20.474825 20.416859
26 11 2012 6.157856 25.092596 21.267616
27 11 2012 24.861237 2.836464 2.452128
28 11 2012 22.920143 18.887156 6.415565
29 11 2012 6.406404 2.431824 11.664697
30 11 2012 28.564787 28.426350 11.695607
31 11 2012 8.076442 20.765068 8.521050
1 12 2012 23.305973 23.515955 12.673794
2 12 2012 8.464676 5.819024 0.339487
3 12 2012 5.754715 29.497072 7.321627
4 12 2012 24.591782 4.093648 11.944310
5 12 2012 18.030302 5.306411 24.850639
6 12 2012 4.731935 29.638107 7.715059
7 12 2012 7.007975 3.049121 6.582319
8 12 2012 19.041523 20.880219 23.843094
